0 1.013300000000000e+00
1 8.785935564467309e-01
2 7.617947670282393e-01
3 6.605230175129276e-01
4 5.727141686288457e-01
5 4.965784844005234e-01
6 4.305641534238461e-01
7 3.733256595629457e-01
8 3.236963573948781e-01
9 2.806646934298016e-01
10 2.433535884432259e-01
11 2.110025606872673e-01
12 1.829522256129412e-01
13 1.586308561740044e-01
14 1.375427297820077e-01
15 1.192580243980715e-01
16 1.034040578216842e-01
17 8.965769161410929e-02
18 7.773874483178182e-02
19 6.740428332720824e-02
20 5.844366822085757e-02
21 5.067426262109546e-02
22 4.393770908574351e-02
23 3.809670195180621e-02
24 3.303218874640140e-02
25 2.864094363754119e-02
26 2.483346346639463e-02
27 2.153214347757784e-02
28 1.866969556487357e-02
29 1.618777679277611e-02
30 1.403580024013719e-02
31 1.216990392831147e-02
32 1.055205681830674e-02
33 9.149283655209799e-03
34 7.932992860525730e-03
35 6.878393773409481e-03
36 5.963991362894389e-03
37 5.171148112250041e-03
38 4.483704145716532e-03
39 3.887647854968952e-03
40 3.370830311960600e-03
41 2.922717647255410e-03
42 2.534176346779585e-03
43 2.197287090871666e-03
44 1.905183341264609e-03
45 1.651911386050270e-03
46 1.432308990037259e-03
47 1.241900177131611e-03
48 1.076804000175552e-03
49 9.336554387746022e-04
50 8.095368128380645e-04
51 7.019183138911937e-04
52 6.086064420573933e-04
53 5.276992977436064e-04
54 4.575478167758784e-04
55 3.967221588725513e-04
56 3.439825643788215e-04
57 2.982540852593065e-04
58 2.586046753111029e-04
59 2.242261930280608e-04
60 1.944179299131897e-04
61 1.685723285102542e-04
62 1.461625990568745e-04
63 1.267319823594957e-04
64 1.098844400441860e-04
65 9.527658243025650e-05
66 8.261066949915046e-05
67 7.162854230307322e-05
68 6.210636112222660e-05
69 5.385004312280868e-05
70 4.669130652529192e-05
71 4.048424065449589e-05
72 3.510233196158972e-05
73 3.043588540186210e-05
74 2.638978861031004e-05
75 2.288157330406566e-05
76 1.983973439881143e-05
77 1.720227257910814e-05
78 1.491543061703809e-05
79 1.293259768257964e-05
80 1.121335931316727e-05
81 9.722673678743420e-06
82 8.430157352786144e-06
83 7.309466031767431e-06
84 6.337757580753103e-06
85 5.495226460841901e-06
86 4.764700049058786e-06
87 4.131288622820953e-06
88 3.582081874896061e-06
89 3.105885773165206e-06
90 2.692994401818339e-06
91 2.334992133607728e-06
92 2.024582100998277e-06
93 1.755437470082375e-06
94 1.522072485897094e-06
95 1.319730660765859e-06
96 1.144287826698974e-06
97 9.921680758493554e-07
98 8.602708757064984e-07
99 7.459078734772683e-07
100 6.467481015888792e-07
101 5.607704674826260e-07
102 4.862225593366785e-07
103 4.215849280886647e-07
104 3.655401177477147e-07
105 3.169458127661318e-07
106 2.748115551555269e-07
107 2.382785567914254e-07
108 2.066021954370599e-07
109 1.791368377171114e-07
110 1.553226797004814e-07
111 1.346743368744522e-07
112 1.167709509490082e-07
113 1.012476118463988e-07
114 8.778792003736869e-08
115 7.611753762823742e-08
116 6.599859675590741e-08
117 5.722485132168791e-08
118 4.961747324568952e-08
119 4.302140756027916e-08
120 3.730221205144572e-08
121 3.234331703306997e-08
122 2.804364940231823e-08
123 2.431557254922335e-08
124 2.108310013131416e-08
125 1.828034730612242e-08
126 1.585018785430526e-08
127 1.374308982262196e-08
128 1.191610595462775e-08
129 1.033199833185874e-08
130 8.958479383785120e-09
131 7.767553796658922e-09
132 6.734947907922501e-09
133 5.839614955990426e-09
134 5.063306101315651e-09
135 4.390198475213015e-09
136 3.806572675263415e-09
137 3.300533133951081e-09
138 2.861765661036569e-09
139 2.481327217849846e-09
140 2.151463638644792e-09
141 1.865451583778498e-09
142 1.617461503376234e-09
143 1.402438818382514e-09
144 1.216000897208767e-09
145 1.054347728136846e-09
146 9.141844667870152e-10
147 7.926542799987783e-10
148 6.872801173362770e-10
149 5.959142233944598e-10
150 5.166943618566368e-10
151 4.480058590541760e-10
152 3.884486933932512e-10
153 3.368089598593331e-10
154 2.920341279837518e-10
155 2.532115889756876e-10
156 2.195500547633250e-10
157 1.903634298160310e-10
158 1.650568270200971e-10
159 1.431144425810717e-10
160 1.240890428167327e-10
161 1.075928485585945e-10
162 9.328963136616015e-11
163 8.088786045751421e-11
164 7.013476067574686e-11
165 6.081116037959614e-11
166 5.272702424707579e-11
167 4.571757994087766e-11
168 3.963995968853590e-11
169 3.437028832542762e-11
170 2.980115844857100e-11
171 2.583944121934525e-11
172 2.240438819451376e-11
173 1.942598549672456e-11
174 1.684352677889060e-11
175 1.460437589634979e-11
176 1.266289406736295e-11
177 1.097950965513927e-11
178 9.519911611516856e-12
179 8.254350142920285e-12
180 7.157030344641186e-12
181 6.205586444385148e-12
182 5.380625939020992e-12
183 4.665334333044492e-12
184 4.045132422463828e-12
185 3.507379138804377e-12
186 3.041113896545159e-12
187 2.636833192465397e-12
188 2.286296903508300e-12
189 1.982360335089811e-12
190 1.718828596630307e-12
191 1.490330336164774e-12
192 1.292208260467246e-12
193 1.120424209250727e-12
194 9.714768486475989e-13
195 8.423303063840486e-13
196 7.303522940775937e-13
197 6.332604554551088e-13
198 5.490758469509331e-13
199 4.760826025181302e-13
200 4.127929605337208e-13
201 3.579169399698971e-13
202 3.103360477654031e-13
203 2.690804814959322e-13
204 2.333093626842098e-13
205 2.022935978614824e-13
206 1.754010180514405e-13
207 1.520834937868275e-13
208 1.318657630346522e-13
209 1.143357443187377e-13
210 9.913613759990516e-14
211 8.595714172139854e-14
212 7.453013998519611e-14
213 6.462222515747177e-14
214 5.603145231086996e-14
215 4.858272274615872e-14
216 4.212421509860167e-14
217 3.652429088720767e-14
218 3.166881143519856e-14
219 2.745881147467878e-14
220 2.380848201849238e-14
221 2.064342138579420e-14
222 1.789911873341896e-14
223 1.551963918410823e-14
224 1.345648375163889e-14
225 1.166760082563906e-14
226 1.011652906799471e-14
227 8.771654251205170e-15
228 7.605564891431400e-15
229 6.594493542632101e-15
230 5.717832364143037e-15
231 4.957713087909454e-15
232 4.298642824187182e-15
233 3.727188282637753e-15
234 3.231701972554314e-15
235 2.802084801581378e-15
236 2.429580234172224e-15
237 2.106595814284078e-15
238 1.826548414554075e-15
239 1.583730057796509e-15
240 1.373191575970613e-15
241 1.190641735334759e-15
242 1.032359771737564e-15
243 8.951195533242294e-16
244 7.761238249285936e-16
245 6.729471939080756e-16
246 5.834866953484101e-16
247 5.059189290491560e-16
248 4.386628946481983e-16
249 3.803477673839713e-16
250 3.297849576951123e-16
251 2.859438851712063e-16
252 2.479309730748700e-16
253 2.149714352976895e-16
254 1.863934845284272e-16
255 1.616146397615016e-16
256 1.401298540628787e-16
257 1.215012206113352e-16
258 1.053490472017485e-16
259 9.134411728931094e-17
260 7.920097983785948e-17
261 6.867213120478712e-17
262 5.954297047665098e-17
263 5.162742543420851e-17
264 4.476415999450278e-17
265 3.881328582938979e-17
266 3.365351113611672e-17
267 2.917966844567300e-17
268 2.530057108025293e-17
269 2.193715456975499e-17
270 1.902086514532980e-17
271 1.649226246395833e-17
272 1.429980808453772e-17
273 1.239881500197346e-17
274 1.075053682849003e-17
275 9.321378057687372e-18
276 8.082209314801211e-18
277 7.007773636473002e-18
278 6.076171678715538e-18
279 5.268415360489083e-18
280 4.568040845169929e-18
281 3.960772971629111e-18
282 3.434234295294293e-18
283 2.977692808816684e-18
284 2.581843200339589e-18
285 2.238617190934737e-18
286 1.941019085469398e-18
287 1.682983185072081e-18
288 1.459250154951669e-18
289 1.265259827676335e-18
290 1.097058257009108e-18
291 9.512171278544197e-19
292 8.247638797144571e-19
293 7.151211194188578e-19
294 6.200540882269629e-19
295 5.376251125675145e-19
296 4.661541100224677e-19
297 4.041843455806776e-19
298 3.504527401991730e-19
299 3.038641264957008e-19
300 2.634689268473671e-19
301 2.284437989263119e-19
302 1.980748541861939e-19
303 1.717431072556160e-19
304 1.489118596653745e-19
305 1.291157607623585e-19
306 1.119513228476521e-19
307 9.706869721665332e-20
308 8.416454347896015e-20
309 7.297584681919976e-20
310 6.327455718108415e-20
311 5.486294110956356e-20
312 4.756955151147637e-20
313 4.124573318962201e-20
314 3.576259292541495e-20
315 3.100837235379159e-20
316 2.688617008382733e-20
317 2.331196663691065e-20
318 2.021291194640369e-20
319 1.752584051429531e-20
320 1.519598396049829e-20
321 1.317585472373598e-20
322 1.142427816140596e-20
323 9.905553320503679e-21
324 8.588725274286047e-21
325 7.446954193307907e-21
326 6.456968291122362e-21
327 5.598589494484325e-21
328 4.854322170180883e-21
329 4.208996525843713e-21
330 3.649459416473860e-21
331 3.164306254641054e-21
332 2.743648560102357e-21
333 2.378912410994061e-21
334 2.062663688592262e-21
335 1.788456553748947e-21
336 1.550702066622669e-21
337 1.344554271887207e-21
338 1.165811427586130e-21
339 1.010830364461797e-21
340 8.764522302149758e-22
341 7.599381052010704e-22
342 6.589131772703033e-22
343 5.713183379132842e-22
344 4.953682131357620e-22
345 4.295147736401966e-22
346 3.724157826102368e-22
347 3.229074379950859e-22
348 2.799806516838101e-22
349 2.427604820873898e-22
350 2.104883009196514e-22
351 1.825063306971540e-22
352 1.582442377985352e-22
353 1.372075078206032e-22
354 1.189673662955654e-22
355 1.031520393316113e-22
356 8.943917604963333e-23
357 7.754927836880748e-23
358 6.724000422572594e-23
359 5.830122811425419e-23
360 5.055075826913522e-23
361 4.383062320019590e-23
362 3.800385188861809e-23
363 3.295168201864776e-23
364 2.857113934241145e-23
365 2.477293884001223e-23
366 2.147966489596733e-23
367 1.862419340001178e-23
368 1.614832361123861e-23
369 1.400159189998110e-23
370 1.214024318890766e-23
371 1.052633912905416e-23
372 9.126984833474864e-24
373 7.913658407656226e-24
374 6.861629611060157e-24
375 5.949455800850234e-24
376 5.158544884033988e-24
377 4.472776370032084e-24
378 3.878172799898735e-24
379 3.362614855203795e-24
380 2.915594339873790e-24
381 2.528000000222709e-24
382 2.191931817717366e-24
383 1.900539989358578e-24
384 1.647885313746951e-24
385 1.428818137196557e-24
386 1.238873392554145e-24
387 1.074179591385941e-24
388 9.313799145941673e-25
389 8.075637931178741e-25
390 7.002075841834058e-25
391 6.071231339570435e-25
392 5.264131781944181e-25
393 4.564326718545943e-25
394 3.957552594919686e-25
395 3.431442030193896e-25
396 2.975271742868692e-25
397 2.579743986936216e-25
398 2.236797043525470e-25
399 1.939440905477722e-25
400 1.681614805745524e-25
401 1.458063685733187e-25
402 1.264231085733889e-25
403 1.096166274336770e-25
404 9.504437238986538e-26
405 8.240932908147566e-26
406 7.145396775099448e-26
407 6.195499422537873e-26
408 5.371879869348876e-26
409 4.657750951560080e-26
410 4.038557163302394e-26
411 3.501677983834275e-26
412 3.036170643785823e-26
413 2.632547087637370e-26
414 2.282580586441133e-26
415 1.979138059131136e-26
416 1.716034684763747e-26
417 1.487907842369017e-26
418 1.290107809031853e-26
419 1.118602988391390e-26
420 9.698977379085489e-27
421 8.409611200421506e-27
422 7.291651251270693e-27
423 6.322311068018527e-27
424 5.481833382229278e-27
425 4.753087424396755e-27
426 4.121219761475356e-27
427 3.573351551498253e-27
428 3.098316044671168e-27
429 2.686430980641083e-27
430 2.329301242899564e-27
431 2.019647747986695e-27
432 1.751159081884201e-27
433 1.518362859623638e-27
434 1.316514186137729e-27
435 1.141498944943571e-27
436 9.897499434700121e-28
437 8.581742058879588e-28
438 7.440899315128302e-28
439 6.451718338538062e-28
440 5.594037462004095e-28
441 4.850375277448359e-28
442 4.205574326571255e-28
443 3.646492158771641e-28
444 3.161733459321320e-28
445 2.741417787981589e-28
446 2.376978194067970e-28
447 2.060986603298634e-28
448 1.787002417429403e-28
449 1.549441240805481e-28
450 1.343461058190598e-28
451 1.164863543929100e-28
452 1.010008490906758e-28
453 8.757396151851950e-29
454 7.593202240470320e-29
455 6.583774362256050e-29
456 5.708538174062361e-29
457 4.949654452246464e-29
458 4.291655490359861e-29
459 3.721129833533388e-29
460 3.226448923758171e-29
461 2.797530084494620e-29
462 2.425631013720388e-29
463 2.103171596735487e-29
464 1.823579406882064e-29
465 1.581155745145091e-29
466 1.370959488229760e-29
467 1.188706377684957e-29
468 1.030681697366174e-29
469 8.936645594132970e-30
470 7.748622555268282e-30
471 6.718533354777921e-30
472 5.825382526675576e-30
473 5.050965707859964e-30
474 4.379498593466097e-30
475 3.797295218283634e-30
476 3.292489006917998e-30
477 2.854790907085590e-30
478 2.475279676273695e-30
479 2.146220047347876e-30
480 1.860905066926532e-30
481 1.613519393033368e-30
482 1.399020765736670e-30
483 1.213037234887398e-30
484 1.051778050233924e-30
485 9.119563976587636e-31
486 7.907224067338083e-31
487 6.856050641412910e-31
488 5.944618490296953e-31
489 5.154350637628499e-31
490 4.469139699879137e-31
491 3.875019582723832e-31
492 3.359880821559344e-31
493 2.913223764187276e-31
494 2.525944564988108e-31
495 2.190149628678749e-31
496 1.898994721613898e-31
497 1.646545471367129e-31
498 1.427656411269827e-31
499 1.237866104570734e-31
500 1.073306210618444e-31
501 9.306226396364517e-32
502 8.069071890536270e-32
503 6.996382679888047e-32
504 6.066295017255692e-32
505 5.259851686238747e-32
506 4.560615611758480e-32
507 3.954334836594629e-32
508 3.428652035394160e-32
509 2.972852645411287e-32
510 2.577646480335530e-32
511 2.234978376019319e-32
512 1.937864008653277e-32
513 1.680247539004036e-32
514 1.456878181194546e-32
515 1.263203180228315e-32
516 1.095275016906764e-32
517 9.496709487726837e-33
518 8.234232471492541e-33
519 7.139587083526829e-33
520 6.190462061854361e-33
521 5.367512167150051e-33
522 4.653963884543073e-33
523 4.035273542776387e-33
524 3.498830882446788e-33
525 3.033702031396976e-33
526 2.630406648539189e-33
527 2.280724693813437e-33
528 1.977528885831879e-33
529 1.714639432329181e-33
530 1.486698072509533e-33
531 1.289058863997475e-33
532 1.117693488393104e-33
533 9.691091453514684e-34
534 8.402773616889416e-34
535 7.285722644902378e-34
536 6.317170600877636e-34
537 5.477376280376764e-34
538 4.749222842369704e-34
539 4.117868930657871e-34
540 3.570446174645437e-34
541 3.095796903861973e-34
542 2.684246730288057e-34
543 2.327407363213537e-34
544 2.018005637566469e-34
545 1.749735270935621e-34
546 1.517128327772251e-34
547 1.315443770930124e-34
548 1.140570828981747e-34
549 9.889452097251180e-35
550 8.574764521300265e-35
551 7.434849359974732e-35
552 6.446472654520821e-35
553 5.589489130634566e-35
554 4.846431593806970e-35
555 4.202154909778580e-35
556 3.643527313650923e-35
557 3.159162755858427e-35
558 2.739188829629656e-35
559 2.375045549791238e-35
560 2.059310881588947e-35
561 1.785549463421171e-35
562 1.548181440125106e-35
563 1.342368733350763e-35
564 1.163916430965705e-35
565 1.009187285590583e-35
566 8.750275795597148e-36
567 7.587028452722186e-36
568 6.578421307746740e-36
569 5.703896745858206e-36
570 4.945630047911312e-36
571 4.288166083750305e-36
572 3.718104302927521e-36
573 3.223825602239180e-36
574 2.795255503044868e-36
575 2.423658811405773e-36
576 2.101461575768745e-36
577 1.822096713303859e-36
578 1.579870158424502e-36
579 1.369844805303694e-36
580 1.187739878882721e-36
581 1.029843683332845e-36
582 8.929379495940110e-37
583 7.742322400276801e-37
584 6.713070732079771e-37
585 5.820646096098277e-37
586 5.046858930611666e-37
587 4.375937764463652e-37
588 3.794207760060894e-37
589 3.289811990338164e-37
590 2.852469768708503e-37
591 2.473267106233464e-37
592 2.144475025074894e-37
593 1.859392025058452e-37
594 1.612207492474890e-37
595 1.397883267091256e-37
596 1.212050953450203e-37
597 1.050922883436749e-37
598 9.112149153359842e-38
599 7.900794958574394e-38
600 6.850476207845976e-38
601 5.939785112804765e-38
602 5.150159801429510e-38
603 4.465505986585325e-38
604 3.871868929328132e-38
605 3.357149010869412e-38
606 2.910855115939408e-38
607 2.523890800961559e-38
608 2.188368888680569e-38
609 1.897450710276549e-38
610 1.645206718369940e-38
611 1.426495629904955e-38
612 1.236859635580699e-38
613 1.072433539968663e-38
614 9.298659803945840e-39
615 8.062511188529535e-39
616 6.990694146868423e-39
617 6.061362708505309e-39
618 5.255575070541110e-39
619 4.556907522352175e-39
620 3.951119694525103e-39
621 3.425864309049153e-39
622 2.970435514844014e-39
623 2.575550679149767e-39
624 2.233161187213070e-39
625 1.936288393952749e-39
626 1.678881383943044e-39
627 1.455693640551385e-39
628 1.262176110479561e-39
629 1.094384484129410e-39
630 9.488988019652487e-40
631 8.227537482746313e-40
632 7.133782115627080e-40
633 6.185428796886247e-40
634 5.363148016189036e-40
635 4.650179896668037e-40
636 4.031992592056341e-40
637 3.495986095945553e-40
638 3.031235426157255e-40
639 2.628267949762959e-40
640 2.278870310152188e-40
641 1.975921020899498e-40
642 1.713245314329377e-40
643 1.485489286274878e-40
644 1.288010771826478e-40
645 1.116784727879913e-40
646 9.683211939735661e-41
647 8.395941592775823e-41
648 7.279798858892719e-41
649 6.312034313284676e-41
650 5.472922802450036e-41
651 4.745361402509575e-41
652 4.114520824292868e-41
653 3.567543160060772e-41
654 3.093279811284935e-41
655 2.682064255878500e-41
656 2.325515023380009e-41
657 2.016364862293230e-41
658 1.748312617641808e-41
659 1.515894799678870e-41
660 1.314374226042606e-41
661 1.139643467641058e-41
662 9.881411302832816e-42
663 8.567792656931557e-42
664 7.428804323844603e-42
665 6.441231235599956e-42
666 5.584944497366600e-42
667 4.842491116647475e-42
668 4.198738273203430e-42
669 3.640564879150085e-42
670 3.156594142551622e-42
671 2.736961683571824e-42
672 2.373114476885244e-42
673 2.057636522354500e-42
674 1.784097690762989e-42
675 1.546922663747995e-42
676 1.341277296645032e-42
677 1.162970088069285e-42
678 1.008366747969968e-42
679 8.743161228674155e-43
680 7.580859684681782e-43
681 6.573072605633240e-43
682 5.699259091449650e-43
683 4.941608915689407e-43
684 4.284679514264739e-43
685 3.715081232282919e-43
686 3.221204413658321e-43
687 2.792982770983865e-43
688 2.421688212625261e-43
689 2.099752945164847e-43
690 1.820615225255989e-43
691 1.578585616972974e-43
692 1.368731028690370e-43
693 1.186774165909460e-43
694 1.029006350661702e-43
695 8.922119305577124e-44
696 7.736027367738180e-44
697 6.707612550863793e-44
698 5.815913516559944e-44
699 5.042755492451374e-44
700 4.372379830656439e-44
701 3.791122812150763e-44
702 3.287137150354184e-44
703 2.850150517574098e-44
704 2.471256172549033e-44
705 2.142731421623187e-44
706 1.857880213395923e-44
707 1.610896658580405e-44
708 1.396746693309309e-44
709 1.211065473926605e-44
710 1.050068411948119e-44
711 9.104740358885444e-45
712 7.894371077111718e-45
713 6.844906306671020e-45
714 5.934955665175951e-45
715 5.145972372664142e-45
716 4.461875227746613e-45
717 3.868720837626997e-45
718 3.354419421326659e-45
719 2.908488393562965e-45
720 2.521838706784312e-45
721 2.186589596544594e-45
722 1.895907954325028e-45
723 1.643869053869595e-45
724 1.425335792333979e-45
725 1.235853984918109e-45
726 1.071561578859246e-45
727 9.291099363679191e-46
728 8.055955820818037e-46
729 6.985010239011359e-46
730 6.056434410056117e-46
731 5.251301932021638e-46
732 4.553202447873791e-46
733 3.947907166583802e-46
734 3.423078849314540e-46
735 2.968020349567575e-46
736 2.573456581992365e-46
737 2.231345475904376e-46
738 1.934714060333724e-46
739 1.677516339658630e-46
740 1.454510063020022e-46
741 1.261149875808063e-46
742 1.093494675415541e-46
743 9.481272829654559e-47
744 8.220847937479539e-47
745 7.127981867559331e-47
746 6.180399624303570e-47
747 5.358787413578283e-47
748 4.646398985431516e-47
749 4.028714308971409e-47
750 3.493143622448485e-47
751 3.028770826434628e-47
752 2.626130989893737e-47
753 2.277017434230430e-47
754 1.974314463270244e-47
755 1.711852329841913e-47
756 1.484281482865330e-47
757 1.286963531825391e-47
758 1.115876706250591e-47
759 9.675338832534921e-48
760 8.389115123560719e-48
761 7.273879889322232e-48
762 6.306902201841526e-48
763 5.468472945502442e-48
764 4.741503102261674e-48
765 4.111175440165067e-48
766 3.564642505823651e-48
767 3.090764765274613e-48
768 2.679883555968506e-48
769 2.323624222146911e-48
770 2.014725421081454e-48
771 1.746891121061462e-48
772 1.514662274527403e-48
773 1.313305550767509e-48
774 1.138716860307970e-48
775 9.873377046124816e-49
776 8.560826461160942e-49
777 7.422764202738202e-49
778 6.435994078307792e-49
779 5.580403559193233e-49
780 4.838553843362886e-49
781 4.195324414585183e-49
782 3.637604853309209e-49
783 3.154027617701376e-49
784 2.734736348334631e-49
785 2.371184974072291e-49
786 2.055963524487553e-49
787 1.782647098494288e-49
788 1.545664910841363e-49
789 1.340186747351251e-49
790 1.162024514613758e-49
791 1.007546877502004e-49
792 8.736052446376102e-50
793 7.574695932267530e-50
794 6.567728252376949e-50
795 5.694625207768178e-50
796 4.937591052920440e-50
797 4.281195779596268e-50
798 3.712060619599572e-50
799 3.218585356281279e-50
800 2.790711886808011e-50
801 2.419719216075002e-50
802 2.098045703793395e-50
803 1.819134941758225e-50
804 1.577302119940676e-50
805 1.367618157652854e-50
806 1.185809238126276e-50
807 1.028169698798723e-50
808 8.914865018240801e-51
809 7.729737453487299e-51
810 6.702158807518949e-51
811 5.811184784929253e-51
812 5.038655390664324e-51
813 4.368824789690347e-51
814 3.788040372512297e-51
815 3.284464485196245e-51
816 2.847833152148002e-51
817 2.469246873889864e-51
818 2.140989235839222e-51
819 1.856369630938653e-51
820 1.609586890482688e-51
821 1.395611043638813e-51
822 1.210080795664628e-51
823 1.049214635202672e-51
824 9.097337588262920e-52
825 7.887952418699682e-52
826 6.839340934203094e-52
827 5.930130144215100e-52
828 5.141788348562070e-52
829 4.458247420960704e-52
830 3.865575305537706e-52
831 3.351692051125045e-52
832 2.906123595492166e-52
833 2.519788281098593e-52
834 2.184811751093678e-52
835 1.894366452738568e-52
836 1.642532476981119e-52
837 1.424176897789489e-52
838 1.234849151917644e-52
839 1.070690326713258e-52
840 9.283545070562718e-53
841 8.049405783064401e-53
842 6.979330952556484e-53
843 6.051510118647298e-53
844 5.247032267853298e-53
845 4.549500385871855e-53
846 3.944697250645373e-53
847 3.420295654347316e-53
848 2.965607147984139e-53
849 2.571364187477758e-53
850 2.229531240891995e-53
851 1.933141006754541e-53
852 1.676152405247704e-53
853 1.453327447817341e-53
854 1.260124475534883e-53
855 1.092605590176411e-53
856 9.473563912628825e-54
857 8.214163831266067e-54
858 7.122186335486244e-54
859 6.175374540778766e-54
860 5.354430356432894e-54
861 4.642621148331867e-54
862 4.025438691352738e-54
863 3.490303460074856e-54
864 3.026308230598558e-54
865 2.623995767517598e-54
866 2.275166064822335e-54
867 1.972709211881135e-54
868 1.710460477945215e-54
869 1.483074661481744e-54
870 1.285917143301378e-54
871 1.114969422904342e-54
872 9.667472126703760e-55
873 8.382294204727363e-55
874 7.267965732275030e-55
875 6.301774263152513e-55
876 5.464026706590036e-55
877 4.737647939073151e-55
878 4.107832776061219e-55
879 3.561744210014851e-55
880 3.088251764167099e-55
881 2.677704629115211e-55
882 2.321734958263322e-55
883 2.013087312846403e-55
884 1.745470780254146e-55
885 1.513430751502348e-55
886 1.312237744397815e-55
887 1.137791006369392e-55
888 9.865349321811864e-56
889 8.553865929379225e-56
890 7.416728992659495e-56
891 6.430761179179157e-56
892 5.575866313110261e-56
893 4.834619771348101e-56
894 4.191913331665291e-56
895 3.634647234169788e-56
896 3.151463179609721e-56
897 2.732512822445680e-56
898 2.369257040075819e-56
899 2.054291886881193e-56
900 1.781197685655384e-56
901 1.544408180573017e-56
902 1.339097084747916e-56
903 1.161079709973498e-56
904 1.006727673644278e-56
905 8.728949443999447e-57
906 7.568537191401494e-57
907 6.562388244441855e-57
908 5.689995091748097e-57
909 4.933576456945986e-57
910 4.277714877440052e-57
911 3.709042462878937e-57
912 3.215968428375333e-57
913 2.788442849014770e-57
914 2.417751820452308e-57
915 2.096339850524817e-57
916 1.817655861831239e-57
917 1.576019666478382e-57
918 1.366506191454873e-57
919 1.184845094894739e-57
920 1.027333727190394e-57
921 8.907616629131324e-58
922 7.723452653362749e-58
923 6.696709498436853e-58
924 5.806459898077762e-58
925 5.034558622537677e-58
926 4.365272639213362e-58
927 3.784960439106046e-58
928 3.281793993096159e-58
929 2.845517670896923e-58
930 2.467239208926604e-58
931 2.139248466570305e-58
932 1.854860276687266e-58
933 1.608278187315129e-58
934 1.394476317328423e-58
935 1.209096918012775e-58
936 1.048361552635565e-58
937 9.089940836594211e-59
938 7.881538979091703e-59
939 6.833780086759956e-59
940 5.925308546729730e-59
941 5.137607726354926e-59
942 4.454622563827441e-59
943 3.862432330979067e-59
944 3.348966898460191e-59
945 2.903760720162337e-59
946 2.517739522547844e-59
947 2.183035351151536e-59
948 1.892826204497338e-59
949 1.641196986820163e-59
950 1.423018945504762e-59
951 1.233845135914470e-59
952 1.069819782954294e-59
953 9.275996919598108e-60
954 8.042861070935127e-60
955 6.973656283746182e-60
956 6.046589831021028e-60
957 5.242766075211057e-60
958 4.545801333897088e-60
959 3.941489944586026e-60
960 3.417514722306169e-60
961 2.963195908497007e-60
962 2.569273494221621e-60
963 2.227718480975566e-60
964 1.931569232174497e-60
965 1.674789579807817e-60
966 1.452145794160925e-60
967 1.259099908981582e-60
968 1.091717227823818e-60
969 9.465861263474663e-61
970 8.207485159683696e-61
971 7.116395515573293e-61
972 6.170353542987330e-61
973 5.350076841870015e-61
974 4.638846382869670e-61
975 4.022165737033065e-61
976 3.487465606945664e-61
977 3.023847637019665e-61
978 2.621862281221881e-61
979 2.273316200702970e-61
980 1.971105265670166e-61
981 1.709069757718362e-61
982 1.481868821325687e-61
983 1.284871605562112e-61
984 1.114062877240925e-61
985 9.659611817037152e-62
986 8.375478831763034e-62
987 7.262056383838104e-62
988 6.296650493825086e-62
989 5.459584082770953e-62
990 4.733795910393429e-62
991 4.104492829769704e-62
992 3.558848270716910e-62
993 3.085740806299660e-62
994 2.675527473877037e-62
995 2.319847230479241e-62
996 2.011450536504333e-62
997 1.744051594280089e-62
998 1.512200229788931e-62
999 1.311170806227029e-62
1000 1.136865905212794e-62
